pos chr cM
5285642 17 0
5366098 17 0.295858851404425
5519318 17 0.591717702808851
5958108 17 0.864942426412788
7385927 17 1.13816715001672
8722865 17 1.41139187362066
9087975 17 1.54382638964915
9140204 17 2.05986227734034
9161725 17 2.10136569659568
9183847 17 2.4174872372217
9229324 17 2.50523054684814
10094125 17 2.63550572921668
10128998 17 2.82939794174926
10279922 17 3.05122605046
10514760 17 3.17155448297182
10709469 17 3.31924617070637
12070804 17 3.42421730249398
13047968 17 3.60724839182444
13231041 17 3.90552263109378
13854649 17 4.02225230821946
13965662 17 4.14844218200951
14132150 17 4.54349452947976
14158769 17 4.84523212906436
14179920 17 4.87517388343653
14240162 17 4.8864383610501
14406009 17 5.18147275777669
14419500 17 5.18399518039133
14630594 17 5.48754001958414
14804966 17 5.52015229706553
14817494 17 5.78635991141673
14896910 17 5.80121021239259
14944188 17 6.07395000731977
15046613 17 6.09310367322012
15199959 17 6.12666039432632
15224042 17 6.39580972189854
15229126 17 6.39692189326988
15416829 17 6.47215605344039
15474783 17 6.69970190728744
15491656 17 6.7663155733846
15508958 17 6.77372884476383
15615386 17 7.34893774349021
15889406 17 7.46647458445785
15935992 17 7.92471661285376
15960257 17 8.02533981393347
15972933 17 8.03077090660459
16151534 17 8.28133974739798
16243947 17 8.60746848263365
16258553 17 8.64467707061613
16275776 17 8.95264047457866
16839009 17 9.19453140431551
16880551 17 9.23865385604817
17223588 17 9.84787600501419
17254598 17 9.96292547901476
17359193 17 10.2113325532332
17391879 17 10.2253382266998
17418413 17 10.5006205375861
17666383 17 10.60697172263
17767241 17 10.9142828310638
18199287 17 11.0547866029025
18222051 17 11.3260717127138
18549009 17 11.4323639246361
18599730 17 11.4393529063972
18814474 17 11.4521766212526
18882940 17 11.7201392860987
20124301 17 11.7943142455605
20195961 17 12.062468644949
21131778 17 12.1183762429843
21439162 17 12.2258815876482
21710469 17 12.5851126036159
22040289 17 12.7004738369481
22337214 17 12.7182059664853
22413806 17 12.9866564333052
22482844 17 12.9907787677888
22500123 17 12.9921842367907
22640028 17 13.2674782840805
22680863 17 13.401941969927
22722083 17 13.6286687965483
22800506 17 13.8078617607156
22998766 17 13.823990547822
23011395 17 14.0888760734523
23479952 17 14.1270023648901
23492615 17 14.2886653572771
23500731 17 14.4216711824836
23541382 17 14.5723764768031
23565303 17 14.7486247507614
23597033 17 14.8672637480356
23613416 17 14.9446047971575
23864857 17 15.2128351643961
23939586 17 15.2189138843093
23978528 17 15.4859510867524
24515749 17 15.529666982929
24557461 17 15.7969307002704
24610340 17 16.01099578241
24623945 17 16.330128079823
24648105 17 16.3320932584295
24727817 17 16.6024645039718
24900886 17 16.6165436719646
25016567 17 16.6227238000996
25128622 17 16.8925947326708
25968324 17 16.937472235112
25996349 17 17.20283014581
26478030 17 17.2285684480697
26573000 17 17.4975217589461
27045921 17 17.5227918581557
27087821 17 17.7888949291439
27168961 17 17.7932296629661
27910616 17 17.98022680669
27957082 17 18.0128053278448
28363334 17 18.3110007390281
28496409 17 18.6137666045003
28534611 17 18.6757227963978
28573973 17 18.679043262241
28617768 17 18.7266579632968
28836515 17 18.9524305653593
29100056 17 18.9735016242228
29556293 17 19.2601685114338
30145703 17 19.3073062630915
30179733 17 19.3790963348519
30268660 17 19.6623091351399
30413302 17 19.8285786287203
30481076 17 19.8339965577451
30836130 17 19.8785187176689
30846588 17 20.1298366283402
31145684 17 20.1673392768357
31165361 17 20.4198185298232
31170269 17 20.4204337006027
31466198 17 20.7263940682353
31550431 17 20.7422366360799
31580836 17 20.825857576173
31647848 17 21.2478120626657
31651636 17 21.2618687240319
31771006 17 21.2843213533392
31782919 17 21.5365733998425
32088998 17 21.5941648655913
32113524 17 21.8512302282789
32121523 17 21.8535227803835
32139388 17 22.1086693086369
32319270 17 22.1602497746179
32347553 17 22.4183974488694
33280719 17 22.6865590309097
33296772 17 22.9411835890188
34117197 17 23.1768705850445
34370513 17 23.4998882312613
34581665 17 23.5604406799846
34649214 17 23.7496035010172
34681078 17 23.8380913390522
35033586 17 23.9319821930341
35055518 17 24.1878484402576
35146878 17 24.2121653457138
35277232 17 24.2386851046081
35330825 17 24.499641755188
35558066 17 24.5458817241805
35702162 17 24.5818566938035
35788938 17 24.8536271895792
35863356 17 24.8722031359495
35970433 17 25.1063994571995
35992400 17 25.183533668424
36158415 17 25.445888298799
36464224 17 25.5222673418859
37874961 17 25.8339603610126
37904208 17 26.0904354227182
37949409 17 26.1003922125569
37957376 17 26.3521563411871
38298447 17 26.4273358199485
38309123 17 26.6796996381014
38645935 17 26.753939643184
38812086 17 27.0407329159133
39046153 17 27.092314210839
39110995 17 27.3566702301963
39303352 17 27.3990560041461
39438272 17 27.5181160296706
39479002 17 27.8042089117077
39680542 17 27.9821624130924
39684873 17 27.9826895349248
39701131 17 28.2346787488475
39851046 17 28.2529279926573
39853927 17 28.2779782877795
39880141 17 28.6114607789252
39916484 17 28.7573363582298
39931385 17 28.7586776350878
40020957 17 29.0124812435518
40030991 17 29.013384425421
40044391 17 29.2602972737268
40424337 17 29.2945084208814
40510816 17 29.5480322082796
40834369 17 29.5771641300353
40983075 17 29.6806305104776
41088435 17 29.9999775938145
41239458 17 30.1050577873451
41466134 17 30.1254653603102
41534723 17 30.1285785361654
41560577 17 30.1875712786287
41644385 17 30.4972455562102
41655930 17 30.5139723681139
41724756 17 30.8599656750092
41735247 17 30.8751651816107
41835559 17 30.8797182935254
41915091 17 31.1290467009463
42002771 17 31.5924637965426
42016365 17 31.6259915199099
42124552 17 31.6309020917208
42212744 17 31.8554939481114
42222767 17 31.8954919832047
42381997 17 32.1338699322347
42522993 17 32.1402697889116
42685888 17 32.6416909006429
42715080 17 32.687197544314
42978767 17 32.7616629346372
43159071 17 33.0585205531377
43270625 17 33.3358658555151
43299010 17 33.3438764745799
43308832 17 33.3726548850924
43338575 17 33.7059833032116
43370588 17 33.7998422835255
43391606 17 33.9719776071282
43417303 17 34.1142548894077
43558022 17 34.1539802315062
43808259 17 34.1653391378093
43821922 17 34.2359296165682
43904047 17 34.9095479414653
44026762 17 34.9151179710771
44042564 17 35.1615394617433
44425474 17 35.1789217864706
44479743 17 35.2798868287389
44509392 17 35.5809946903172
44536368 17 35.6311568454298
44560649 17 35.9222286039938
44752121 17 35.930919782715
44794551 17 36.1785558359011
44899978 17 36.1833411262384
44910623 17 36.4295273980333
45050652 17 36.4358833594594
45188883 17 36.4645319417453
45344365 17 36.7426165075867
46358325 17 36.9531436432672
46453290 17 36.9685117882325
46496872 17 37.0709239271532
46565429 17 37.3877308496953
46677844 17 37.6423230490569
46767802 17 37.7237702575569
46938930 17 38.2163850797075
47484991 17 38.4620858198289
47777055 17 38.7077865599504
47975940 17 38.9534873000718
48077919 17 39.1654975509346
48089441 17 39.2964782489868
48106951 17 39.4445225921861
48955579 17 39.6902233323075
49220195 17 39.8753956641978
49233101 17 39.9830237898679
49287150 17 40.1812701280229
49574387 17 40.4275760448257
49615482 17 40.6738819616285
49928459 17 40.9201878784313
50684076 17 41.1664937952341
50995725 17 41.3681930056462
51010507 17 41.6591454595418
51209879 17 41.824523050058
51230045 17 41.9371564770907
51365149 17 42.151404281101
51600932 17 42.4097613733838
51627942 17 42.5335800456134
51712195 17 42.7673628349033
51930954 17 42.8900205573808
52074454 17 43.1363264741836
52253901 17 43.3826323909864
52757362 17 43.758750652935
52798015 17 43.9963654342492
52805698 17 44.0110976556682
52863392 17 44.1237581660213
53374125 17 44.1383559539126
53388494 17 44.3856827057904
53583756 17 44.391263187668
53617624 17 44.8872942519831
53817083 17 44.8929946886784
53914855 17 45.102528039506
54013479 17 45.4061193170977
54025328 17 45.4276277073148
54071732 17 45.7592451609937
54104859 17 45.8951906190118
54179601 17 46.1381157307318
54276967 17 46.1408983202607
54309153 17 46.388736771398
54419074 17 46.3918781772387
54445059 17 46.5493076942654
54459986 17 46.7083646703424
54512082 17 46.949543193431
54649753 17 47.0795931433685
54693833 17 47.1586729881844
54714293 17 47.2890947046664
54747687 17 47.471468575317
54892902 17 47.7860914179654
54908629 17 47.9326798730551
54927363 17 48.1811277510803
54939806 17 48.2568585323185
54971433 17 48.3819538391271
55113977 17 48.3860276078259
55225773 17 48.6361524998858
55313876 17 48.6386703586483
55391574 17 48.8556684239022
55403175 17 49.2543492623406
55415695 17 49.3827164736741
55745847 17 49.3921524022494
55796401 17 49.6405183826943
56136566 17 49.6502405162268
56201995 17 49.899033711032
56236550 17 50.1469401995815
56616250 17 50.1577923913624
56919487 17 50.9524840172179
57001596 17 51.0994881709076
57044298 17 51.1485573882262
57068559 17 51.1624640066945
57156760 17 51.1649846662286
57211888 17 51.2131159317632
57448562 17 51.5430441825671
57688514 17 51.674072725935
58073306 17 51.685070467988
58179380 17 51.9350310177215
58272949 17 52.1846324115599
59263320 17 52.2129431106773
59476745 17 52.7270858398737
59669086 17 52.9666627368515
60308506 17 52.9849393332438
60342463 17 53.152113140399
60382161 17 53.5954895729291
60468210 17 53.7308418137533
60726653 17 53.7382281076642
61424447 17 53.7589388746701
61558492 17 53.9723992338478
61573911 17 54.0174227429801
61953059 17 54.0728815870467
62020888 17 54.3392603834084
62267643 17 54.3753468105096
62338723 17 54.642203415505
62449570 17 54.6584108972624
62462603 17 54.69425973409
62492342 17 55.0329299850347
62547807 17 55.1856715338066
62798860 17 55.222386748258
62847383 17 55.4859281814471
62856422 17 55.4872496211063
62870039 17 55.5413631077415
62923275 17 55.8997283556795
62963525 17 56.0158613181066
63307944 17 56.0662377120415
63364168 17 56.3226485303875
63501532 17 56.5790593487334
