pos chr cM
251708 36 0
307932 36 0.302115722798129
534014 36 0.309512273528317
559030 36 0.344591583259047
612844 36 0.416679169918904
720451 36 0.844235334172869
961834 36 1.16840018857675
995222 36 1.29176970860201
1081607 36 1.55985026423345
1197269 36 1.64587863498908
1292110 36 1.71282407814096
2795707 36 1.97256492199616
3046947 36 2.23230576585136
3607981 36 2.49204660970656
3992378 36 2.75178745356177
4097685 36 3.01152829741697
5576017 36 3.26992680533909
5946252 36 3.52832531326122
6111763 36 3.78672382118335
6948496 36 4.05494543764114
7041634 36 4.4887696855193
7084287 36 4.5706355518765
7330787 36 4.57908731627273
7393969 36 5.02255567199827
7445378 36 5.17012054874077
7756023 36 5.35486110822841
8054023 36 5.52978662808173
8065887 36 5.7945075544242
8152966 36 5.84555953188949
8275835 36 6.17571445706844
8644117 36 6.29147250194741
8706803 36 6.56899126709886
8756904 36 6.58472322486523
8801925 36 6.65592399801781
8816546 36 6.7086531369692
8928928 36 7.34840125223147
8941832 36 7.39529361377283
8959893 36 7.49623901210485
9000791 36 7.67350913329246
9032111 36 7.92926416663098
9198634 36 8.1850191999695
9216972 36 8.44077423330802
9376340 36 8.69652926664654
9430538 36 8.95228429998506
9879286 36 9.11605487025151
9907811 36 9.37504802270785
9917570 36 9.47869212924308
10072041 36 9.71921287832781
10176883 36 9.97496791166633
10875263 36 10.2307229450048
11027754 36 10.4864779783434
11705154 36 10.5602224536822
11872317 36 11.1903343589455
11974937 36 11.2615683153066
12066646 36 11.2629647256449
12116409 36 11.4430736805216
12137555 36 11.5708560271106
12190259 36 11.6994899209312
12221240 36 12.0616135905113
12221722 36 12.0632582992855
12232966 36 12.0743897526991
12287646 36 12.253559680421
12344806 36 12.5203834039009
12401448 36 12.655068218998
12451995 36 12.9591290289539
12471869 36 13.0590459645385
12594762 36 13.3166818376827
12692655 36 13.3181724103197
12758789 36 13.5749395955235
12938314 36 13.8334422279343
13033701 36 14.3477346242064
13214730 36 14.3504911061795
13452474 36 14.6098848027374
13649606 36 14.6128864883056
13796426 36 14.7265662537452
13881793 36 15.0487268069219
13986075 36 15.1294436543308
14641721 36 15.1394277287294
14773048 36 15.3971926842603
14793202 36 15.397499556512
16853823 36 15.6524086038905
16878591 36 15.6564631833922
17098631 36 15.8718497561446
17151680 36 15.9694688950178
17177239 36 16.0137109059605
17192350 36 16.0567143171461
17314596 36 16.305683294193
17392807 36 16.7213991328958
17394701 36 16.7252470566093
17406153 36 16.7386469256304
17488763 36 16.8719777519738
17523853 36 17.0565737628179
17558863 36 17.4350858790562
17570069 36 17.5150666001388
18014774 36 17.5397679960349
18099468 36 17.8002505871745
18160681 36 17.8036499744089
18343745 36 18.0696240689252
18677065 36 18.0881373751351
18715073 36 18.3460139322459
18757924 36 18.3483935845581
18813710 36 18.6072625018059
19227330 36 18.6302368666893
19396642 36 18.8954432198017
19903993 36 18.9236253047525
19907709 36 18.9516168119301
19952342 36 19.3075255601443
20020012 36 19.4885004742492
20273360 36 19.6079052115746
20336173 36 19.8933896155325
21370826 36 20.3828349961818
21376825 36 20.4051202910102
21449482 36 21.0307978836284
21482158 36 21.2047557633037
21750874 36 21.3314127310838
21804169 36 21.3343723890978
21855330 36 21.8500678346172
22142295 36 21.8660060745108
22292659 36 22.1301546252265
22326002 36 22.1320062582828
22357220 36 22.389503805779
22433764 36 22.3937546170753
22533023 36 22.6550502610238
23183029 36 22.6911593380148
23246204 36 22.6921212702116
23267592 36 22.8073777346466
23293732 36 23.0119527444118
23372680 36 23.2051746605416
23402969 36 23.2056358527603
23504005 36 23.4629372060268
23679332 36 23.4655732390286
23732388 36 23.7437895431094
23871296 36 23.8107396554045
23914410 36 23.8988917125759
23933063 36 24.1897299435461
24032642 36 24.3935674349745
24126646 36 24.4388651575569
24192196 36 24.5719719325901
24270932 36 25.1604328661753
24289548 36 25.2392569995962
24306537 36 25.2848867636164
24692470 36 25.471118538314
24758971 36 25.703915674241
24776130 36 25.7558641033721
25080441 36 25.7604394933337
25205634 36 26.0148570697684
25857124 36 26.0246528918654
25878298 36 26.2774986357278
25925671 36 26.2782108727994
25955214 36 26.3062959056257
26076429 36 26.9436779529827
26194971 36 27.059084517962
26233684 36 27.0596800550163
26506010 36 27.3222897175927
26568171 36 27.3232459677506
26609621 36 27.5822854211891
26681094 36 27.5833849235369
26715133 36 27.6700925077059
26782976 36 28.1023543909801
26918203 36 28.104434671117
27020209 36 28.2980817818486
27055343 36 28.3976601391102
27209564 36 28.5447083856808
27238312 36 28.7045105215407
27265620 36 29.1154820975262
27295356 36 29.1438014553652
27320654 36 29.1441906234821
27411077 36 29.3985844801951
27464987 36 29.8092824506537
27505352 36 30.0991714943897
27524172 36 30.1814838726165
27907839 36 30.1873862837122
28111198 36 30.4489294310229
28145614 36 30.449458865314
28300969 36 30.5001674187335
28339491 36 30.654410011656
28352935 36 30.9668632188804
28371165 36 31.1357311034818
28401886 36 31.3073241722659
28449063 36 31.5804660754815
28466877 36 31.6151454938971
28540227 36 32.0172345445973
28606676 36 32.146716848493
28900644 36 32.2381820647872
28913147 36 32.2855933263366
28957528 36 32.7133625241411
28974719 36 32.7785622335857
29411149 36 33.040342936283
29507736 36 33.3021236389802
29580122 36 33.3978927062831
29601421 36 33.5240004860183
29611568 36 33.6028557557891
29702360 36 33.7712670987251
29755272 36 33.8809149975732
29818506 36 34.0680873539806
29843266 36 34.3321688621227
29860765 36 34.4075400305506
29898350 36 34.7069977317831
29934312 36 34.8380617653997
29955179 36 35.0709436777567
29980164 36 35.2585478881642
30211422 36 35.6033768411172
30523428 36 35.9482057940702
